1
1 3 4 5 7 9
1 3 4 8
1 3 4 7
4 6 8
1 2 4 7 9
0 1 4 5 6 7
1 4 7
1 2 4 7 8
1 4 6 7 9
1 5
1 2 4 8 9
1 4 7
1 3 4 5 9
1 4 7
1 4 5 9
4 7
1 2 4 6 7
1 3 4 5 7
1 3 9
0 1 4 5 6 7 9
1 7 9
1 3 4
1 4 6 7 8
1 4 6 7
1 4 6 8 9
1 6 7
4 7 8
1 6 7
1 4
4 7 8
1 4 6 7
1 2 4 5 7 9
1 6 7 9
1 4
1
1 5 9
1 3 6 8 9
1 2 4 5 7 9
0 1 2 3 8
0 1 2 4
4
2 6 9
0 1 4 5 7 8
4 5
1 8
1 8
1 2 4 7
1 3 7
8
1 3 4 6 7 8
1 4 5 7 9
2 9
1
1 2 4 7
1 2 4 9
1 4 5 7 9
1 3 4 6 7
1
0 2 4 5 7 8
1 2 3 5

4 7 8
1 4 7 9
1 2 3 4 7
1 2 4 7
2 4 7 9
1 3
6 7 9
1 8
2 5 7
1 2 4 5
1
1 6
1 3
1 4
2 4 7 8
1 4
1 3 4 7
1 2 4 6 7 9
4 7
1 3 4 7
0 1 5 7
0 4
1 4 7 8

2 5
1 3 4 5
1 2 4
1 6 7
1 2 7 9
1 2 3 4 7
1 2 4 7
1 6 9
1 2 4 6 7
1 4
1 6 7 8
0 1 3 4 7
0 1 3 7 8
