1	0.97; 
1	0.12; 3	0.02; 4	0.52; 5	0.03; 7	0.11; 9	0.08; 
1	0.45; 3	0.05; 4	0.01; 8	0.06; 
1	0.52; 3	0.12; 4	0.32; 7	0.03; 
4	0.33; 6	0.26; 8	0.28; 
1	0.22; 2	0.02; 4	0.19; 7	0.28; 9	0.28; 
0	0.02; 1	0.03; 4	0.42; 5	0.03; 6	0.09; 7	0.27; 
1	0.65; 4	0.05; 7	0.08; 
1	0.01; 2	0.03; 4	0.04; 7	0.54; 8	0.27; 
1	0.28; 4	0.44; 6	0.11; 7	0.11; 9	0.04; 
1	0.94; 5	0.05; 
1	0.02; 2	0.01; 4	0.65; 8	0.03; 9	0.06; 
1	0.24; 4	0.57; 7	0.02; 
1	0.16; 3	0.04; 4	0.13; 5	0.03; 9	0.61; 
1	0.79; 4	0.04; 7	0.12; 
1	0.23; 4	0.42; 5	0.07; 9	0.02; 
4	0.69; 7	0.16; 
1	0.17; 2	0.04; 4	0.59; 6	0.09; 7	0.11; 
1	0.39; 3	0.04; 4	0.36; 5	0.04; 7	0.01; 
1	0.13; 3	0.08; 9	0.21; 
0	0.05; 1	0.05; 4	0.67; 5	0.04; 6	0.03; 7	0.07; 9	0.03; 
1	0.55; 7	0.33; 9	0.11; 
1	0.35; 3	0.63; 4	0.02; 
1	0.36; 4	0.19; 6	0.37; 7	0.04; 8	0.01; 
1	0.19; 4	0.64; 6	0.05; 7	0.09; 
1	0.30; 4	0.06; 6	0.07; 8	0.06; 9	0.32; 
1	0.60; 6	0.06; 7	0.04; 
4	0.25; 7	0.58; 8	0.11; 
1	0.87; 6	0.02; 7	0.11; 
1	0.20; 4	0.79; 
4	0.52; 7	0.13; 8	0.35; 
1	0.23; 4	0.50; 6	0.13; 7	0.14; 
1	0.12; 2	0.06; 4	0.49; 5	0.02; 7	0.12; 9	0.03; 
1	0.09; 6	0.02; 7	0.24; 9	0.46; 
1	0.83; 4	0.09; 
1	1.00; 
1	0.61; 5	0.03; 9	0.02; 
1	0.04; 3	0.02; 6	0.17; 8	0.44; 9	0.14; 
1	0.03; 2	0.03; 4	0.41; 5	0.04; 7	0.31; 9	0.03; 
0	0.05; 1	0.52; 2	0.03; 3	0.07; 8	0.19; 
0	0.02; 1	0.08; 2	0.03; 4	0.74; 
4	0.99; 
2	0.03; 6	0.10; 9	0.84; 
0	0.06; 1	0.60; 4	0.04; 5	0.03; 7	0.22; 8	0.04; 
4	0.90; 5	0.10; 
1	0.19; 8	0.38; 
1	0.19; 8	0.38; 
1	0.43; 2	0.04; 4	0.44; 7	0.09; 
1	0.35; 3	0.17; 7	0.09; 
8	0.11; 
1	0.07; 3	0.22; 4	0.20; 6	0.15; 7	0.16; 8	0.19; 
1	0.32; 4	0.07; 5	0.12; 7	0.40; 9	0.08; 
2	0.58; 9	0.41; 
1	0.24; 
1	0.14; 2	0.52; 4	0.22; 7	0.11; 
1	0.43; 2	0.21; 4	0.26; 9	0.09; 
1	0.25; 4	0.39; 5	0.01; 7	0.10; 9	0.18; 
1	0.03; 3	0.04; 4	0.65; 6	0.05; 7	0.02; 
1	0.67; 
0	0.05; 2	0.03; 4	0.59; 5	0.03; 7	0.20; 8	0.09; 
1	0.77; 2	0.05; 3	0.16; 5	0.02; 

4	0.13; 7	0.53; 8	0.03; 
1	0.34; 4	0.30; 7	0.28; 9	0.07; 
1	0.21; 2	0.03; 3	0.04; 4	0.50; 7	0.04; 
1	0.21; 2	0.12; 4	0.33; 7	0.14; 
2	0.20; 4	0.03; 7	0.03; 9	0.56; 
1	0.65; 3	0.09; 
6	0.35; 7	0.19; 9	0.16; 
1	0.24; 8	0.42; 
2	0.05; 5	0.90; 7	0.04; 
1	0.13; 2	0.33; 4	0.01; 5	0.51; 
1	0.82; 
1	0.83; 6	0.17; 
1	0.82; 3	0.02; 
1	0.45; 4	0.41; 
2	0.02; 4	0.69; 7	0.18; 8	0.11; 
1	0.17; 4	0.52; 
1	0.22; 3	0.35; 4	0.04; 7	0.14; 
1	0.18; 2	0.04; 4	0.50; 6	0.04; 7	0.10; 9	0.10; 
4	0.35; 7	0.64; 
1	0.09; 3	0.08; 4	0.50; 7	0.24; 
0	0.09; 1	0.24; 5	0.04; 7	0.63; 
0	0.05; 4	0.81; 
1	0.51; 4	0.02; 7	0.12; 8	0.06; 

2	0.97; 5	0.03; 
1	0.23; 3	0.03; 4	0.37; 5	0.03; 
1	0.97; 2	0.01; 4	0.02; 
1	0.04; 6	0.04; 7	0.33; 
1	0.22; 2	0.18; 7	0.44; 9	0.15; 
1	0.27; 2	0.05; 3	0.09; 4	0.32; 7	0.02; 
1	0.45; 2	0.05; 4	0.26; 7	0.24; 
1	0.20; 6	0.33; 9	0.02; 
1	0.14; 2	0.09; 4	0.54; 6	0.02; 7	0.20; 
1	0.78; 4	0.21; 
1	0.03; 6	0.01; 7	0.36; 8	0.37; 
0	0.03; 1	0.06; 3	0.16; 4	0.69; 7	0.04; 
0	0.01; 1	0.10; 3	0.09; 7	0.17; 8	0.12; 
