1	0.97; 
1	0.12; 3	0.02; 4	0.52; 5	0.03; 7	0.11; 9	0.08; 
1	0.45; 3	0.05; 4	0.01; 8	0.06; 
1	0.52; 3	0.12; 4	0.32; 7	0.03; 
4	0.33; 6	0.26; 8	0.28; 
1	0.22; 2	0.02; 4	0.19; 7	0.28; 9	0.28; 
0	0.02; 1	0.03; 4	0.42; 5	0.03; 6	0.09; 7	0.27; 
1	0.65; 4	0.05; 7	0.08; 
1	0.01; 2	0.03; 4	0.04; 7	0.54; 8	0.27; 
1	0.28; 4	0.44; 6	0.11; 7	0.11; 9	0.04; 
1	0.94; 5	0.05; 
1	0.02; 2	0.01; 4	0.65; 8	0.03; 9	0.06; 
1	0.24; 4	0.57; 7	0.02; 
1	0.16; 3	0.04; 4	0.13; 5	0.03; 9	0.61; 
1	0.79; 4	0.04; 7	0.12; 
1	0.23; 4	0.42; 5	0.07; 9	0.02; 
4	0.69; 7	0.16; 
1	0.17; 2	0.04; 4	0.59; 6	0.09; 7	0.11; 
1	0.39; 3	0.04; 4	0.36; 5	0.04; 7	0.01; 
1	0.13; 3	0.08; 9	0.21; 
0	0.05; 1	0.05; 4	0.67; 5	0.04; 6	0.03; 7	0.07; 9	0.03; 
1	0.55; 7	0.33; 9	0.11; 
1	0.35; 3	0.63; 4	0.02; 
1	0.36; 4	0.19; 6	0.37; 7	0.04; 8	0.01; 
1	0.19; 4	0.64; 6	0.05; 7	0.09; 
1	0.30; 4	0.06; 6	0.07; 8	0.06; 9	0.32; 
1	0.60; 6	0.06; 7	0.04; 
4	0.25; 7	0.58; 8	0.11; 
1	0.87; 6	0.02; 7	0.11; 
1	0.20; 4	0.79; 
4	0.52; 7	0.13; 8	0.35; 
1	0.23; 4	0.50; 6	0.13; 7	0.14; 
1	0.12; 2	0.06; 4	0.49; 5	0.02; 7	0.12; 9	0.03; 
1	0.09; 6	0.02; 7	0.24; 9	0.46; 
1	0.83; 4	0.09; 
1	1.00; 
1	0.61; 5	0.03; 9	0.02; 
1	0.04; 3	0.02; 6	0.17; 8	0.44; 9	0.14; 
1	0.03; 2	0.03; 4	0.41; 5	0.04; 7	0.31; 9	0.03; 
0	0.05; 1	0.52; 2	0.03; 3	0.07; 8	0.19; 
0	0.02; 1	0.08; 2	0.03; 4	0.74; 
4	0.99; 
2	0.03; 6	0.10; 9	0.84; 
0	0.06; 1	0.60; 4	0.04; 5	0.03; 7	0.22; 8	0.04; 
4	0.90; 5	0.10; 
1	0.19; 8	0.38; 
1	0.19; 8	0.38; 
1	0.43; 2	0.04; 4	0.44; 7	0.09; 
1	0.35; 3	0.17; 7	0.09; 
8	0.11; 
1	0.07; 3	0.22; 4	0.20; 6	0.15; 7	0.16; 8	0.19; 
1	0.32; 4	0.07; 5	0.12; 7	0.40; 9	0.08; 
2	0.58; 9	0.41; 
1	0.24; 
1	0.14; 2	0.52; 4	0.22; 7	0.11; 
1	0.43; 2	0.21; 4	0.26; 9	0.09; 
1	0.25; 4	0.39; 5	0.01; 7	0.10; 9	0.18; 
1	0.03; 3	0.04; 4	0.65; 6	0.05; 7	0.02; 
1	0.67; 
0	0.05; 2	0.03; 4	0.59; 5	0.03; 7	0.20; 8	0.09; 
1	0.77; 2	0.05; 3	0.16; 5	0.02; 

4	0.13; 7	0.53; 8	0.03; 
1	0.34; 4	0.30; 7	0.28; 9	0.07; 
1	0.21; 2	0.03; 3	0.04; 4	0.50; 7	0.04; 
1	0.21; 2	0.12; 4	0.33; 7	0.14; 
2	0.20; 4	0.03; 7	0.03; 9	0.56; 
1	0.65; 3	0.09; 
6	0.35; 7	0.19; 9	0.16; 
1	0.24; 8	0.42; 
2	0.05; 5	0.90; 7	0.04; 
1	0.13; 2	0.33; 4	0.01; 5	0.51; 
1	0.82; 
1	0.83; 6	0.17; 
1	0.82; 3	0.02; 
1	0.45; 4	0.41; 
2	0.02; 4	0.69; 7	0.18; 8	0.11; 
1	0.17; 4	0.52; 
1	0.22; 3	0.35; 4	0.04; 7	0.14; 
1	0.18; 2	0.04; 4	0.50; 6	0.04; 7	0.10; 9	0.10; 
4	0.35; 7	0.64; 
1	0.09; 3	0.08; 4	0.50; 7	0.24; 
0	0.09; 1	0.24; 5	0.04; 7	0.63; 
0	0.05; 4	0.81; 
1	0.51; 4	0.02; 7	0.12; 8	0.06; 

2	0.97; 5	0.03; 
1	0.23; 3	0.03; 4	0.37; 5	0.03; 
1	0.97; 2	0.01; 4	0.02; 
1	0.04; 6	0.04; 7	0.33; 
1	0.22; 2	0.18; 7	0.44; 9	0.15; 
1	0.27; 2	0.05; 3	0.09; 4	0.32; 7	0.02; 
1	0.45; 2	0.05; 4	0.26; 7	0.24; 
1	0.20; 6	0.33; 9	0.02; 
1	0.14; 2	0.09; 4	0.54; 6	0.02; 7	0.20; 
1	0.78; 4	0.21; 
1	0.03; 6	0.01; 7	0.36; 8	0.37; 
0	0.03; 1	0.06; 3	0.16; 4	0.69; 7	0.04; 
0	0.01; 1	0.10; 3	0.09; 7	0.17; 8	0.12; 
4	0.37; 6	0.05; 7	0.08; 8	0.50; 

2	0.72; 4	0.27; 
1	0.47; 4	0.44; 8	0.09; 
1	0.20; 3	0.17; 4	0.63; 
0	0.55; 3	0.44; 4	0.01; 
7	0.08; 8	0.80; 
4	0.37; 6	0.05; 7	0.08; 8	0.50; 
1	0.55; 2	0.02; 6	0.13; 7	0.30; 
1	0.31; 4	0.56; 5	0.12; 
1	0.92; 3	0.07; 
1	0.05; 2	0.13; 4	0.60; 5	0.02; 7	0.03; 
1	0.36; 7	0.55; 
7	0.96; 
1	0.17; 2	0.03; 4	0.55; 5	0.08; 9	0.17; 
1	0.29; 4	0.05; 7	0.23; 8	0.09; 
1	0.05; 4	0.22; 5	0.27; 7	0.20; 8	0.26; 
1	0.46; 4	0.23; 5	0.06; 9	0.25; 
7	1.00; 
1	0.33; 4	0.39; 7	0.19; 
1	0.77; 6	0.05; 8	0.18; 
2	0.03; 4	0.32; 5	0.66; 
1	0.67; 6	0.04; 7	0.17; 8	0.02; 9	0.11; 
4	0.28; 7	0.11; 8	0.61; 
1	0.91; 9	0.09; 
1	0.33; 8	0.02; 9	0.04; 
1	0.52; 
1	0.15; 2	0.04; 3	0.15; 5	0.03; 7	0.37; 9	0.03; 
1	0.17; 9	0.05; 
1	0.29; 4	0.13; 7	0.16; 8	0.42; 
1	0.76; 
1	0.24; 5	0.16; 7	0.04; 
1	0.38; 4	0.19; 7	0.23; 9	0.04; 
1	0.20; 2	0.06; 4	0.48; 7	0.04; 9	0.08; 
1	0.91; 3	0.03; 
0	0.06; 1	0.81; 8	0.02; 
0	0.05; 1	0.82; 8	0.02; 
0	0.06; 5	0.80; 6	0.04; 9	0.08; 
0	0.06; 5	0.80; 6	0.04; 9	0.08; 
0	0.06; 2	0.02; 5	0.79; 6	0.03; 9	0.09; 
1	0.09; 2	0.17; 4	0.65; 5	0.02; 

2	0.16; 4	0.54; 8	0.20; 
1	0.85; 7	0.15; 
1	0.01; 4	0.70; 5	0.10; 7	0.16; 
1	0.79; 3	0.06; 
9	1.00; 
9	0.21; 
7	0.90; 
4	0.50; 6	0.30; 7	0.14; 8	0.06; 
0	0.74; 3	0.03; 9	0.01; 
1	0.62; 2	0.12; 3	0.09; 4	0.13; 9	0.03; 
1	0.19; 4	0.40; 7	0.26; 
7	1.00; 
1	0.03; 4	0.89; 7	0.08; 
0	0.70; 1	0.01; 7	0.29; 
2	0.35; 3	0.02; 4	0.24; 7	0.17; 9	0.18; 
1	0.06; 2	0.03; 4	0.71; 6	0.03; 7	0.09; 
1	0.27; 7	0.62; 
1	0.66; 7	0.22; 
1	0.07; 4	0.17; 6	0.55; 7	0.05; 
1	1.00; 
1	0.09; 2	0.03; 4	0.55; 5	0.20; 9	0.13; 
1	0.09; 2	0.03; 4	0.55; 5	0.21; 9	0.13; 
4	0.53; 7	0.07; 8	0.40; 
1	0.26; 
1	0.02; 4	0.78; 8	0.02; 
2	0.83; 7	0.16; 
1	0.49; 3	0.03; 4	0.48; 
1	0.25; 7	0.05; 
2	1.00; 
1	0.30; 3	0.03; 7	0.56; 9	0.03; 
3	0.56; 6	0.02; 
3	0.47; 8	0.16; 
2	0.07; 4	0.04; 7	0.56; 
4	0.44; 9	0.19; 
0	0.40; 2	0.22; 5	0.36; 9	0.02; 
1	0.44; 7	0.32; 
2	0.68; 4	0.07; 8	0.25; 
0	0.29; 1	0.02; 2	0.23; 4	0.07; 6	0.13; 7	0.25; 8	0.01; 
1	1.00; 
1	0.08; 9	0.81; 
1	0.37; 5	0.44; 6	0.12; 
2	0.04; 4	0.03; 6	0.37; 7	0.27; 9	0.14; 
2	0.30; 9	0.66; 
1	0.83; 8	0.07; 
1	0.83; 8	0.07; 
1	0.83; 8	0.07; 
1	0.02; 2	0.05; 4	0.70; 7	0.03; 
1	0.52; 4	0.06; 6	0.03; 7	0.33; 9	0.02; 
3	0.15; 6	0.07; 8	0.38; 
7	0.02; 
1	0.82; 3	0.16; 7	0.02; 
0	0.08; 1	0.06; 2	0.10; 4	0.06; 7	0.54; 
1	1.00; 
1	0.31; 2	0.10; 4	0.06; 7	0.44; 9	0.02; 
1	0.14; 7	0.27; 8	0.11; 9	0.15; 
1	0.45; 2	0.05; 4	0.29; 5	0.02; 7	0.03; 
4	0.88; 8	0.03; 
1	0.49; 2	0.28; 7	0.14; 9	0.09; 
1	0.85; 5	0.07; 8	0.05; 
1	0.22; 4	0.13; 7	0.03; 
1	0.21; 2	0.05; 3	0.04; 4	0.68; 
1	0.41; 4	0.39; 6	0.02; 7	0.12; 8	0.07; 
1	0.94; 
1	0.25; 2	0.16; 4	0.32; 5	0.28; 
1	0.10; 4	0.89; 
2	0.39; 6	0.03; 8	0.22; 9	0.31; 
2	0.02; 4	0.53; 7	0.45; 
8	0.04; 9	0.96; 
1	0.67; 2	0.32; 
1	0.17; 2	0.08; 3	0.04; 4	0.52; 7	0.02; 
1	0.14; 2	0.19; 7	0.36; 
1	0.38; 6	0.51; 9	0.06; 
4	0.49; 7	0.26; 
0	0.50; 1	0.46; 2	0.04; 
0	0.02; 1	0.13; 2	0.12; 4	0.47; 5	0.05; 6	0.01; 7	0.17; 9	0.02; 
5	0.62; 
1	0.65; 
1	0.20; 4	0.03; 6	0.02; 7	0.19; 8	0.07; 
1	0.56; 3	0.16; 8	0.07; 
6	0.10; 9	0.90; 
4	0.09; 5	0.22; 9	0.52; 
1	0.40; 2	0.08; 4	0.19; 5	0.05; 7	0.04; 9	0.02; 
7	0.95; 
1	0.77; 4	0.05; 7	0.17; 9	0.01; 
1	0.13; 3	0.28; 
0	0.13; 4	0.05; 7	0.11; 8	0.57; 
6	0.35; 8	0.47; 
1	0.46; 7	0.02; 
1	0.03; 3	0.56; 8	0.09; 
1	0.46; 2	0.11; 7	0.11; 
4	0.75; 7	0.05; 8	0.12; 
1	0.27; 8	0.70; 
4	0.29; 7	0.22; 8	0.15; 9	0.04; 
1	0.09; 2	0.02; 4	0.79; 5	0.09; 
2	0.12; 4	0.21; 5	0.17; 7	0.35; 9	0.14; 
1	0.29; 8	0.22; 
1	0.42; 8	0.04; 
1	0.53; 
1	0.16; 4	0.65; 5	0.19; 
4	0.54; 7	0.46; 
2	0.07; 8	0.08; 9	0.85; 
1	1.00; 


7	0.67; 9	0.10; 
1	0.24; 4	0.54; 6	0.02; 7	0.14; 
0	0.02; 1	0.27; 4	0.58; 5	0.01; 7	0.08; 
1	0.09; 6	0.09; 9	0.76; 
3	0.07; 4	0.07; 8	0.05; 
3	0.81; 7	0.13; 9	0.06; 
3	0.81; 7	0.12; 9	0.06; 
3	0.81; 7	0.13; 9	0.06; 
1	0.06; 3	0.16; 

2	1.00; 
1	0.29; 8	0.07; 
1	0.02; 7	0.48; 9	0.39; 
1	0.85; 9	0.15; 
1	0.49; 4	0.01; 5	0.14; 6	0.02; 9	0.23; 
0	0.22; 4	0.01; 7	0.02; 8	0.44; 9	0.31; 
1	0.16; 5	0.83; 9	0.01; 
5	1.00; 
1	0.50; 3	0.49; 

1	0.38; 4	0.62; 
3	0.05; 
1	0.48; 4	0.02; 6	0.15; 7	0.06; 8	0.04; 

5	0.05; 6	0.03; 
0	0.05; 1	0.15; 2	0.12; 7	0.46; 9	0.22; 
2	0.10; 4	0.55; 7	0.20; 8	0.16; 

0	0.42; 2	0.16; 5	0.05; 7	0.23; 9	0.14; 
9	0.79; 
1	0.13; 8	0.67; 
1	0.14; 2	0.08; 4	0.14; 5	0.04; 7	0.50; 8	0.09; 
2	0.86; 4	0.12; 5	0.01; 
0	0.06; 1	0.06; 4	0.03; 6	0.39; 7	0.17; 9	0.29; 
1	0.57; 7	0.02; 8	0.36; 
0	0.16; 4	0.26; 6	0.15; 7	0.04; 8	0.14; 
1	0.29; 7	0.38; 8	0.32; 
5	1.00; 
2	0.70; 9	0.24; 
8	0.57; 
6	0.09; 
0	0.07; 1	0.29; 6	0.55; 8	0.08; 
7	0.08; 8	0.91; 
1	0.73; 2	0.06; 3	0.08; 4	0.14; 
1	0.58; 4	0.13; 5	0.06; 7	0.05; 9	0.06; 
2	0.12; 4	0.22; 8	0.48; 9	0.18; 
2	0.59; 5	0.22; 7	0.14; 9	0.06; 
1	0.03; 7	0.48; 9	0.37; 
3	0.10; 
0	0.55; 2	0.16; 9	0.28; 
0	0.55; 2	0.16; 9	0.28; 
1	0.36; 5	0.62; 9	0.02; 
1	0.07; 2	0.50; 5	0.04; 9	0.31; 
1	0.24; 4	0.73; 
2	0.24; 4	0.22; 9	0.54; 
1	0.04; 
4	0.18; 7	0.35; 8	0.22; 
1	0.65; 2	0.03; 4	0.16; 7	0.10; 
8	0.07; 9	0.93; 
1	0.92; 
4	1.00; 
1	0.05; 5	0.02; 9	0.47; 
1	0.46; 3	0.38; 7	0.15; 
1	0.30; 2	0.10; 3	0.36; 4	0.25; 
1	0.20; 2	0.08; 3	0.45; 4	0.05; 
1	0.34; 4	0.31; 5	0.08; 7	0.02; 9	0.11; 
6	0.11; 9	0.89; 
4	0.99; 
1	0.28; 2	0.05; 7	0.12; 8	0.46; 
1	0.37; 2	0.12; 3	0.30; 4	0.10; 5	0.07; 9	0.02; 

2	0.16; 4	0.58; 5	0.11; 7	0.15; 

2	1.00; 
1	0.45; 4	0.38; 9	0.16; 
1	0.79; 2	0.01; 4	0.10; 5	0.10; 
1	0.96; 
2	0.06; 4	0.35; 5	0.02; 8	0.43; 

2	0.53; 7	0.33; 9	0.14; 
1	0.49; 2	0.05; 4	0.11; 9	0.28; 
1	0.02; 3	0.05; 5	0.89; 9	0.04; 
0	0.81; 3	0.15; 7	0.04; 
0	0.76; 3	0.13; 7	0.11; 
9	0.99; 
0	0.03; 2	0.21; 7	0.54; 8	0.22; 
0	0.27; 1	0.11; 3	0.62; 
0	0.27; 1	0.11; 3	0.62; 
1	0.23; 2	0.45; 6	0.10; 7	0.04; 8	0.08; 9	0.04; 
1	0.53; 3	0.22; 
1	0.77; 3	0.02; 4	0.01; 7	0.19; 
1	0.69; 
1	0.87; 9	0.09; 
4	0.49; 7	0.31; 8	0.20; 
1	0.10; 2	0.85; 5	0.05; 
4	0.99; 
4	0.53; 7	0.08; 
4	0.53; 7	0.08; 
0	0.24; 1	0.01; 2	0.04; 4	0.17; 6	0.18; 7	0.08; 8	0.06; 
7	0.88; 9	0.11; 
5	1.00; 
7	0.88; 9	0.11; 
0	0.27; 1	0.10; 3	0.63; 
8	0.02; 
6	0.02; 
2	0.21; 4	0.04; 7	0.12; 8	0.62; 
4	0.06; 6	0.03; 8	0.21; 
0	0.37; 2	0.39; 4	0.15; 8	0.09; 
1	0.43; 4	0.11; 7	0.22; 9	0.21; 
1	0.94; 9	0.06; 
1	0.85; 3	0.14; 
0	0.09; 1	0.48; 7	0.23; 8	0.19; 
0	0.44; 3	0.30; 8	0.07; 
1	0.30; 8	0.16; 
2	0.27; 4	0.52; 
7	0.69; 9	0.23; 
0	0.18; 1	0.18; 2	0.12; 8	0.10; 
1	0.19; 3	0.22; 
2	0.67; 3	0.07; 4	0.19; 8	0.06; 
5	0.24; 
5	0.08; 9	0.92; 
1	0.14; 8	0.84; 
1	0.72; 7	0.23; 
1	0.11; 3	0.45; 4	0.17; 7	0.07; 9	0.20; 

5	0.23; 9	0.77; 
7	0.62; 9	0.01; 
2	0.96; 4	0.04; 
1	0.30; 4	0.39; 6	0.02; 7	0.30; 
2	0.03; 4	0.22; 7	0.27; 8	0.24; 
2	0.32; 7	0.54; 9	0.13; 
1	0.06; 3	0.08; 4	0.21; 7	0.61; 
1	0.55; 3	0.03; 4	0.11; 7	0.30; 
1	0.16; 4	0.15; 7	0.31; 8	0.03; 
0	0.22; 4	0.01; 7	0.01; 8	0.45; 9	0.30; 
1	0.31; 3	0.09; 4	0.47; 5	0.13; 
2	0.28; 9	0.37; 
1	0.13; 2	0.52; 5	0.19; 9	0.15; 
5	1.00; 
7	1.00; 

1	0.17; 4	0.04; 7	0.67; 
0	0.01; 1	0.50; 7	0.21; 8	0.11; 9	0.17; 
1	0.51; 7	0.27; 8	0.11; 9	0.11; 
1	0.10; 6	0.04; 7	0.19; 8	0.29; 
0	0.01; 1	0.05; 2	0.61; 5	0.06; 9	0.27; 
5	1.00; 
5	1.00; 
0	0.27; 1	0.41; 7	0.11; 
1	0.58; 7	0.10; 
1	0.11; 2	0.23; 5	0.58; 9	0.08; 
1	0.09; 3	0.62; 4	0.25; 7	0.03; 
2	0.01; 7	0.33; 
1	0.90; 
0	0.02; 7	0.29; 8	0.59; 9	0.09; 
7	0.13; 
1	0.72; 5	0.02; 7	0.07; 9	0.08; 
2	0.98; 5	0.02; 
4	0.17; 7	0.71; 
1	0.47; 3	0.46; 4	0.07; 
1	0.96; 3	0.04; 
4	0.06; 5	0.03; 7	0.54; 8	0.26; 
1	0.51; 2	0.49; 
7	0.35; 9	0.65; 
5	1.00; 
5	1.00; 
1	0.15; 4	0.85; 
2	0.07; 9	0.93; 
1	0.08; 8	0.25; 
7	1.00; 
1	0.83; 2	0.06; 4	0.04; 6	0.08; 
2	0.08; 7	0.92; 
3	0.03; 
1	0.44; 2	0.21; 4	0.08; 5	0.27; 
1	0.04; 7	0.28; 8	0.34; 
2	0.02; 3	0.47; 7	0.39; 
5	0.02; 7	0.91; 
0	0.21; 3	0.16; 7	0.41; 8	0.20; 
1	0.07; 2	0.12; 4	0.57; 6	0.01; 9	0.21; 
4	0.75; 7	0.24; 
4	0.75; 7	0.24; 
5	1.00; 
1	0.12; 2	0.88; 
1	0.31; 3	0.06; 4	0.01; 9	0.62; 
1	0.80; 5	0.03; 7	0.08; 9	0.09; 
1	0.07; 
9	0.25; 
1	0.33; 3	0.07; 
4	0.57; 8	0.41; 
1	0.24; 5	0.02; 7	0.73; 
1	0.99; 
1	0.03; 3	0.10; 
4	0.05; 8	0.58; 9	0.08; 
3	0.03; 7	0.46; 
1	0.02; 2	0.52; 4	0.46; 
0	0.09; 1	0.59; 3	0.19; 7	0.13; 
1	0.20; 2	0.02; 5	0.35; 9	0.06; 
1	0.33; 4	0.67; 
7	1.00; 
1	0.63; 3	0.21; 8	0.16; 
0	0.01; 2	0.05; 6	0.22; 7	0.42; 9	0.17; 
1	0.13; 6	0.22; 7	0.40; 9	0.07; 
0	0.12; 1	0.08; 6	0.04; 7	0.31; 8	0.04; 9	0.03; 
1	0.91; 
1	0.91; 
4	0.08; 5	0.92; 
1	0.91; 
5	0.24; 9	0.76; 
5	1.00; 
7	1.00; 
2	0.55; 4	0.34; 5	0.01; 8	0.09; 
1	0.09; 4	0.01; 
1	0.65; 4	0.26; 9	0.09; 
0	0.06; 2	0.80; 5	0.03; 
3	0.01; 7	0.32; 8	0.02; 9	0.06; 
9	0.89; 
1	0.85; 4	0.05; 5	0.04; 6	0.05; 8	0.01; 
1	0.04; 5	0.28; 9	0.68; 
1	1.00; 
0	0.02; 2	0.07; 6	0.34; 7	0.30; 9	0.21; 
1	0.21; 2	0.31; 3	0.06; 9	0.21; 
1	0.20; 4	0.06; 6	0.15; 8	0.49; 
0	0.29; 5	0.39; 7	0.03; 9	0.30; 
2	0.28; 5	0.18; 9	0.53; 
5	1.00; 
1	0.33; 3	0.07; 7	0.29; 9	0.10; 

1	0.39; 7	0.01; 9	0.42; 
1	0.14; 4	0.25; 7	0.39; 8	0.11; 
0	0.11; 1	0.48; 3	0.23; 8	0.18; 
1	1.00; 
2	0.08; 4	0.28; 7	0.32; 8	0.01; 
0	0.11; 7	0.67; 9	0.02; 
1	0.06; 

4	0.03; 5	0.10; 6	0.05; 8	0.30; 9	0.27; 
1	0.02; 2	0.38; 5	0.04; 9	0.56; 
1	0.32; 4	0.10; 6	0.22; 7	0.23; 
2	0.91; 5	0.08; 
1	0.35; 4	0.03; 
0	0.08; 1	0.03; 4	0.11; 7	0.20; 8	0.51; 
0	0.08; 1	0.03; 4	0.11; 7	0.20; 8	0.51; 
1	0.62; 7	0.28; 9	0.09; 
0	0.38; 1	0.16; 2	0.31; 7	0.02; 
1	0.33; 4	0.25; 8	0.27; 
1	0.32; 7	0.45; 9	0.13; 
1	1.00; 
1	0.63; 8	0.37; 
5	0.07; 9	0.13; 
2	0.87; 5	0.13; 
2	0.10; 7	0.20; 9	0.22; 
1	0.11; 4	0.01; 5	0.76; 9	0.12; 
5	0.19; 9	0.81; 
5	0.18; 9	0.82; 
2	0.67; 5	0.33; 
7	0.89; 
4	0.33; 7	0.17; 8	0.50; 
1	0.94; 4	0.05; 
1	0.33; 2	0.07; 4	0.01; 7	0.44; 9	0.10; 
0	0.07; 1	0.71; 3	0.08; 7	0.09; 9	0.04; 
1	0.52; 2	0.15; 6	0.16; 
3	0.04; 4	0.08; 8	0.09; 
1	0.63; 3	0.08; 4	0.22; 7	0.07; 
0	0.91; 5	0.08; 
0	0.91; 5	0.08; 
4	0.12; 7	0.77; 8	0.11; 
2	0.61; 7	0.25; 9	0.14; 
5	0.02; 9	0.03; 
1	0.37; 6	0.26; 7	0.18; 
1	1.00; 
1	0.55; 2	0.02; 5	0.03; 7	0.41; 
1	0.17; 4	0.04; 5	0.72; 8	0.07; 
0	0.22; 2	0.60; 5	0.05; 7	0.04; 9	0.09; 
2	1.00; 
2	0.49; 5	0.34; 8	0.12; 
4	0.46; 5	0.02; 
0	0.44; 1	0.01; 2	0.20; 3	0.08; 5	0.05; 7	0.01; 9	0.20; 
1	0.74; 2	0.03; 4	0.18; 8	0.05; 
2	0.70; 4	0.10; 9	0.06; 
7	0.90; 9	0.07; 
2	0.56; 5	0.20; 9	0.18; 
5	0.94; 9	0.06; 
1	0.21; 5	0.66; 
1	0.25; 2	0.12; 4	0.10; 5	0.54; 
1	0.62; 6	0.38; 
2	0.99; 
0	0.91; 5	0.04; 7	0.05; 
0	0.42; 1	0.10; 4	0.17; 9	0.18; 
1	0.69; 4	0.20; 7	0.06; 9	0.05; 
1	0.69; 4	0.20; 7	0.06; 9	0.05; 
5	1.00; 
1	0.03; 7	0.97; 
2	0.15; 7	0.02; 9	0.83; 
2	0.11; 4	0.32; 8	0.57; 
1	0.84; 4	0.16; 
4	0.99; 
1	0.41; 3	0.27; 4	0.25; 9	0.04; 
2	0.18; 9	0.72; 
1	0.80; 8	0.19; 
4	0.15; 7	0.21; 8	0.27; 
1	0.16; 7	0.84; 
1	0.30; 2	0.09; 7	0.19; 8	0.41; 
0	0.02; 1	0.04; 3	0.39; 
2	0.09; 5	0.84; 9	0.06; 
1	0.58; 3	0.04; 4	0.07; 5	0.10; 6	0.07; 8	0.03; 9	0.11; 
1	0.58; 3	0.04; 4	0.07; 5	0.10; 6	0.07; 8	0.03; 9	0.11; 
1	0.31; 3	0.04; 5	0.65; 
8	0.99; 
7	0.91; 9	0.09; 
9	0.21; 
0	0.27; 1	0.21; 4	0.08; 6	0.05; 7	0.03; 
0	0.18; 1	0.35; 3	0.15; 4	0.21; 6	0.01; 7	0.10; 
3	0.06; 4	0.86; 7	0.07; 
2	1.00; 
2	0.31; 4	0.22; 8	0.27; 
0	0.92; 7	0.02; 
1	0.79; 2	0.09; 3	0.01; 4	0.05; 6	0.05; 
1	0.44; 2	0.02; 4	0.08; 7	0.04; 9	0.11; 
4	0.16; 9	0.84; 
1	0.91; 
1	0.68; 3	0.07; 5	0.13; 9	0.12; 
4	0.40; 7	0.26; 8	0.02; 
0	0.16; 1	0.03; 3	0.44; 4	0.07; 7	0.27; 8	0.03; 
1	0.37; 4	0.05; 6	0.11; 7	0.01; 8	0.40; 
0	0.42; 6	0.01; 7	0.44; 8	0.13; 
0	0.42; 7	0.44; 8	0.13; 
5	1.00; 
7	1.00; 
1	0.43; 2	0.14; 4	0.10; 7	0.20; 
1	0.66; 2	0.06; 3	0.23; 4	0.02; 7	0.03; 
7	0.99; 
1	0.50; 2	0.10; 5	0.02; 9	0.38; 
1	0.07; 5	0.44; 9	0.49; 
8	0.28; 9	0.72; 
2	1.00; 
1	0.20; 6	0.38; 9	0.07; 
1	0.93; 9	0.07; 
1	0.93; 9	0.07; 
1	0.16; 3	0.14; 
6	0.63; 7	0.07; 8	0.13; 9	0.05; 
1	0.94; 5	0.05; 
9	0.87; 
0	0.14; 3	0.24; 7	0.33; 8	0.02; 
0	0.35; 1	0.22; 5	0.34; 9	0.08; 
4	0.18; 7	0.82; 
5	0.25; 7	0.69; 9	0.05; 
9	1.00; 
2	0.63; 
4	0.18; 7	0.12; 8	0.70; 
4	0.02; 5	0.91; 9	0.07; 
8	0.98; 
0	0.53; 1	0.04; 2	0.27; 4	0.04; 5	0.12; 
1	0.72; 4	0.09; 7	0.10; 8	0.04; 
4	0.28; 8	0.48; 
1	0.68; 7	0.32; 
1	0.35; 2	0.12; 7	0.03; 8	0.42; 9	0.08; 
1	0.41; 3	0.21; 4	0.04; 5	0.03; 9	0.13; 
1	0.82; 
7	0.15; 9	0.03; 
0	0.06; 2	0.17; 4	0.57; 7	0.19; 
2	0.16; 5	0.53; 9	0.30; 
1	0.20; 4	0.39; 6	0.07; 7	0.08; 8	0.18; 
2	0.56; 4	0.29; 5	0.15; 
7	0.80; 
1	0.17; 2	0.15; 4	0.30; 5	0.04; 7	0.19; 8	0.15; 
1	0.83; 7	0.17; 
1	0.11; 
9	1.00; 
9	1.00; 
1	0.41; 4	0.04; 6	0.02; 8	0.39; 
1	0.38; 5	0.09; 9	0.53; 
0	0.24; 2	0.30; 5	0.45; 
0	0.13; 2	0.08; 4	0.16; 5	0.63; 
2	0.10; 9	0.26; 
2	0.16; 4	0.39; 5	0.38; 
2	1.00; 
0	0.43; 3	0.41; 
1	0.95; 3	0.05; 
1	0.78; 3	0.16; 
2	0.75; 5	0.05; 
0	0.44; 6	0.01; 7	0.40; 8	0.14; 
1	0.02; 5	0.29; 8	0.15; 9	0.54; 
1	0.02; 5	0.29; 8	0.15; 9	0.54; 
0	0.07; 1	0.03; 4	0.24; 5	0.09; 6	0.11; 7	0.02; 8	0.16; 
3	0.07; 7	0.08; 
1	0.28; 4	0.08; 5	0.06; 6	0.06; 9	0.08; 
4	0.05; 6	0.04; 7	0.81; 9	0.09; 
5	1.00; 
1	0.87; 5	0.06; 9	0.07; 
1	0.66; 7	0.20; 
4	0.15; 7	0.25; 8	0.12; 9	0.05; 
4	0.03; 6	0.04; 7	0.46; 
4	0.30; 8	0.49; 
0	0.62; 1	0.22; 7	0.15; 
1	0.46; 
0	0.14; 2	0.09; 3	0.74; 
4	0.04; 6	0.04; 7	0.81; 9	0.09; 
3	0.81; 
1	0.09; 5	0.90; 
5	1.00; 
5	1.00; 
2	0.02; 4	0.29; 6	0.01; 8	0.41; 9	0.11; 
0	0.11; 1	0.19; 2	0.16; 4	0.21; 6	0.34; 
2	0.10; 5	0.89; 
1	0.18; 
1	0.20; 3	0.21; 4	0.19; 7	0.10; 8	0.19; 9	0.11; 
2	0.96; 5	0.03; 
1	0.29; 3	0.03; 6	0.03; 9	0.31; 
1	0.54; 2	0.28; 9	0.17; 
3	0.19; 
0	0.70; 2	0.09; 5	0.20; 
1	0.02; 3	0.37; 
7	1.00; 
4	0.08; 5	0.78; 9	0.13; 
2	0.71; 7	0.11; 9	0.18; 
0	0.68; 2	0.10; 5	0.21; 
0	0.67; 2	0.10; 5	0.22; 
5	0.44; 9	0.56; 
5	0.44; 9	0.56; 
1	0.70; 4	0.18; 9	0.11; 
2	0.61; 9	0.30; 
1	0.90; 4	0.10; 
1	0.04; 2	0.01; 4	0.07; 5	0.03; 6	0.09; 7	0.09; 8	0.02; 9	0.04; 
1	0.18; 2	0.22; 7	0.60; 
1	1.00; 
0	0.24; 1	0.47; 3	0.27; 5	0.01; 
2	0.90; 6	0.05; 8	0.04; 
1	0.03; 4	0.11; 5	0.02; 9	0.06; 
4	0.19; 8	0.02; 
4	0.42; 7	0.30; 8	0.05; 
1	0.64; 4	0.28; 
2	0.83; 4	0.16; 
0	0.15; 1	0.07; 2	0.02; 7	0.19; 9	0.56; 
2	0.46; 4	0.26; 5	0.13; 9	0.15; 
2	0.67; 
4	0.13; 7	0.13; 8	0.74; 
1	0.41; 2	0.09; 4	0.19; 5	0.04; 7	0.17; 8	0.07; 9	0.01; 
5	0.79; 9	0.21; 
2	0.64; 9	0.09; 
2	0.64; 9	0.09; 
5	0.79; 9	0.21; 
1	0.15; 2	0.33; 4	0.02; 5	0.13; 7	0.19; 9	0.11; 
1	0.91; 6	0.09; 
1	0.09; 2	0.57; 5	0.02; 6	0.16; 9	0.15; 
2	0.97; 4	0.03; 
0	0.31; 4	0.18; 5	0.07; 7	0.20; 8	0.20; 
6	0.13; 9	0.87; 
3	0.19; 
0	0.08; 2	0.10; 5	0.82; 
4	0.07; 5	0.93; 
5	1.00; 
0	0.03; 2	0.03; 9	0.93; 
3	0.10; 7	0.64; 8	0.14; 
1	0.26; 7	0.26; 9	0.13; 
0	0.02; 1	0.37; 5	0.02; 6	0.11; 9	0.04; 
1	0.20; 6	0.09; 7	0.28; 
1	0.38; 4	0.53; 5	0.04; 7	0.04; 
7	0.70; 9	0.10; 
1	0.08; 2	0.55; 5	0.12; 9	0.24; 
1	0.92; 3	0.08; 
2	0.94; 
6	0.11; 9	0.89; 
1	0.32; 6	0.44; 8	0.23; 
5	0.24; 9	0.76; 
5	0.24; 9	0.76; 
1	0.41; 3	0.04; 
4	0.20; 8	0.41; 

4	0.40; 7	0.26; 8	0.03; 
7	0.35; 8	0.43; 
1	0.62; 2	0.14; 7	0.24; 
1	0.08; 7	0.13; 9	0.14; 
1	0.78; 4	0.03; 8	0.17; 
0	0.53; 3	0.25; 8	0.10; 
1	0.34; 3	0.20; 5	0.02; 
1	0.05; 
2	0.21; 7	0.22; 
2	0.21; 7	0.23; 
0	0.08; 4	0.47; 8	0.35; 
1	0.46; 4	0.04; 5	0.02; 7	0.22; 8	0.11; 9	0.13; 
1	0.19; 2	0.46; 5	0.19; 6	0.04; 7	0.13; 
1	0.19; 2	0.46; 5	0.18; 6	0.04; 7	0.13; 
1	0.19; 2	0.46; 5	0.19; 6	0.04; 7	0.13; 
1	0.26; 4	0.74; 
4	1.00; 
1	0.26; 4	0.74; 
1	0.16; 
2	0.02; 9	0.74; 
1	0.12; 6	0.51; 8	0.32; 
4	0.99; 
0	0.03; 1	0.03; 3	0.04; 4	0.03; 6	0.05; 7	0.04; 8	0.02; 
1	0.05; 4	0.04; 6	0.56; 7	0.34; 
1	0.44; 4	0.09; 7	0.08; 8	0.14; 
0	0.19; 1	0.12; 3	0.55; 7	0.09; 8	0.05; 
6	0.01; 7	0.16; 
0	0.18; 2	0.10; 4	0.49; 5	0.15; 7	0.05; 8	0.03; 
2	0.15; 8	0.85; 
5	1.00; 
1	0.55; 6	0.08; 9	0.26; 
2	0.19; 3	0.23; 4	0.01; 7	0.31; 
7	0.90; 8	0.10; 
1	0.37; 
0	0.10; 1	0.31; 2	0.12; 
0	0.17; 2	0.35; 5	0.05; 7	0.13; 9	0.29; 
1	0.42; 
0	0.70; 1	0.30; 
1	0.38; 2	0.01; 3	0.31; 4	0.26; 7	0.03; 
5	1.00; 
3	0.04; 7	0.43; 
3	0.03; 7	0.81; 
1	0.22; 3	0.13; 4	0.39; 9	0.26; 
0	0.01; 3	0.18; 6	0.04; 
5	1.00; 
1	0.58; 
1	0.74; 6	0.07; 7	0.16; 
1	1.00; 
9	1.00; 
1	0.21; 4	0.12; 6	0.18; 
1	0.58; 4	0.14; 5	0.13; 7	0.14; 
7	1.00; 
7	1.00; 
2	0.23; 5	0.29; 9	0.48; 
1	0.03; 2	0.10; 4	0.12; 6	0.01; 7	0.08; 8	0.04; 9	0.03; 
4	0.37; 7	0.36; 8	0.22; 
2	0.93; 5	0.07; 
4	0.10; 7	0.39; 
4	0.40; 7	0.28; 8	0.10; 9	0.03; 
0	0.05; 4	0.43; 7	0.04; 8	0.12; 
0	0.34; 3	0.55; 
2	0.17; 6	0.09; 9	0.74; 
2	0.41; 9	0.03; 
2	0.14; 8	0.86; 
0	0.02; 1	0.25; 2	0.10; 4	0.10; 5	0.03; 7	0.47; 9	0.05; 
7	1.00; 
1	0.61; 6	0.05; 8	0.02; 9	0.31; 
4	0.15; 7	0.15; 8	0.29; 
2	0.08; 7	0.09; 9	0.83; 
0	0.19; 3	0.81; 
1	0.48; 6	0.52; 
0	0.22; 1	0.01; 2	0.25; 5	0.20; 9	0.28; 
1	0.77; 
5	0.91; 9	0.09; 
2	1.00; 
2	0.21; 7	0.73; 9	0.04; 
5	0.08; 9	0.91; 
5	1.00; 
1	0.12; 2	0.10; 7	0.70; 
1	0.14; 8	0.12; 
2	0.04; 6	0.10; 7	0.37; 8	0.30; 
4	0.32; 8	0.10; 
1	0.10; 4	0.01; 5	0.54; 9	0.30; 
1	0.64; 4	0.14; 7	0.06; 9	0.16; 
2	0.43; 4	0.08; 7	0.43; 8	0.05; 
1	0.49; 
1	0.72; 8	0.20; 
7	0.50; 
1	1.00; 
0	0.08; 6	0.03; 7	0.51; 8	0.30; 9	0.07; 
7	1.00; 
2	0.91; 
8	0.25; 
4	0.99; 
0	0.03; 1	0.05; 4	0.17; 5	0.70; 8	0.02; 
0	0.30; 3	0.63; 
1	0.67; 7	0.02; 8	0.07; 
1	0.23; 4	0.53; 7	0.24; 
1	0.90; 
1	0.35; 3	0.16; 4	0.06; 
0	0.15; 2	0.57; 7	0.21; 9	0.07; 
1	0.12; 4	0.09; 6	0.16; 7	0.43; 8	0.14; 
1	0.28; 2	0.07; 7	0.02; 9	0.63; 
7	1.00; 
1	0.71; 2	0.07; 4	0.12; 7	0.08; 
1	0.05; 2	0.68; 8	0.27; 
1	0.20; 6	0.36; 8	0.35; 9	0.02; 
5	1.00; 
2	0.02; 4	0.29; 7	0.42; 9	0.18; 
1	1.00; 
1	0.04; 3	0.03; 
2	0.24; 4	0.41; 7	0.02; 8	0.26; 
1	0.41; 8	0.25; 
2	0.09; 4	0.42; 6	0.17; 7	0.07; 8	0.12; 9	0.09; 
0	0.02; 1	0.40; 2	0.41; 4	0.11; 5	0.02; 7	0.03; 
1	0.02; 3	0.31; 4	0.21; 
0	0.02; 2	0.08; 6	0.36; 7	0.32; 9	0.23; 
0	0.05; 5	0.10; 8	0.15; 9	0.52; 
0	0.80; 3	0.04; 
0	0.01; 2	0.26; 5	0.72; 
2	0.67; 5	0.31; 9	0.02; 
0	0.45; 1	0.25; 3	0.24; 9	0.01; 
7	1.00; 
1	0.82; 5	0.12; 8	0.06; 
2	0.46; 5	0.14; 7	0.07; 9	0.34; 
1	0.06; 2	0.02; 4	0.77; 7	0.13; 
2	0.06; 4	0.03; 5	0.08; 7	0.83; 
0	0.01; 2	0.27; 5	0.72; 
5	1.00; 
5	1.00; 
5	1.00; 
2	0.06; 4	0.51; 8	0.03; 
1	0.84; 5	0.09; 9	0.06; 
4	0.06; 5	0.94; 
1	0.52; 3	0.09; 
1	0.46; 8	0.09; 
3	0.06; 
1	0.98; 5	0.02; 
7	0.68; 
7	1.00; 
7	1.00; 
3	0.92; 
3	0.92; 
7	1.00; 
0	0.04; 2	0.38; 3	0.30; 4	0.12; 9	0.16; 
1	0.06; 6	0.03; 8	0.08; 9	0.12; 
1	0.22; 9	0.07; 
7	0.02; 
1	0.15; 3	0.07; 4	0.05; 7	0.07; 8	0.42; 
1	0.32; 3	0.02; 7	0.66; 
0	0.09; 9	0.91; 
2	0.24; 4	0.51; 7	0.23; 8	0.02; 
1	0.69; 3	0.09; 4	0.14; 7	0.02; 9	0.07; 
7	1.00; 
3	0.21; 6	0.09; 
2	0.57; 3	0.25; 4	0.07; 6	0.05; 7	0.05; 
2	0.67; 5	0.33; 
4	0.21; 7	0.20; 8	0.07; 
1	0.04; 3	0.01; 
1	1.00; 
2	0.46; 5	0.51; 8	0.03; 
2	0.22; 9	0.77; 
1	0.07; 3	0.46; 4	0.02; 6	0.11; 7	0.16; 
1	0.07; 3	0.46; 4	0.02; 6	0.11; 7	0.15; 
1	0.01; 2	0.98; 
3	0.19; 5	0.53; 
3	0.19; 5	0.53; 
3	0.19; 5	0.53; 
1	0.02; 2	0.98; 
1	0.02; 2	0.98; 
4	0.63; 7	0.15; 
7	0.62; 9	0.08; 
0	0.11; 2	0.59; 7	0.30; 
1	0.55; 2	0.11; 7	0.18; 9	0.15; 
4	0.44; 6	0.11; 7	0.03; 8	0.03; 9	0.27; 
3	0.07; 7	0.16; 
0	0.10; 1	0.03; 2	0.87; 
0	0.95; 9	0.04; 
5	1.00; 
2	1.00; 
2	0.04; 5	0.04; 7	0.87; 9	0.05; 
1	0.27; 7	0.72; 
2	0.15; 4	0.05; 9	0.80; 
1	0.41; 
2	0.68; 9	0.31; 
1	0.91; 6	0.08; 
0	0.11; 1	0.37; 8	0.25; 9	0.08; 
1	0.03; 4	0.05; 5	0.16; 6	0.06; 8	0.04; 9	0.30; 
2	0.12; 4	0.25; 7	0.08; 
0	0.17; 2	0.39; 5	0.40; 9	0.03; 

6	0.28; 9	0.05; 
1	0.36; 4	0.02; 6	0.33; 7	0.25; 8	0.03; 
1	0.33; 2	0.05; 7	0.21; 
2	0.07; 4	0.20; 7	0.28; 
1	0.03; 3	0.25; 4	0.11; 
0	0.05; 4	0.11; 7	0.59; 8	0.24; 
2	0.14; 
7	0.68; 8	0.31; 
2	0.65; 3	0.34; 
1	0.76; 3	0.05; 7	0.08; 8	0.04; 
1	0.11; 2	0.15; 5	0.46; 7	0.11; 9	0.17; 
1	0.03; 4	0.08; 6	0.02; 7	0.81; 
2	0.02; 4	0.32; 5	0.43; 6	0.11; 
2	0.57; 7	0.10; 9	0.33; 
2	0.19; 4	0.06; 7	0.74; 
1	0.27; 4	0.51; 7	0.22; 
1	0.51; 8	0.45; 9	0.04; 
2	0.02; 4	0.90; 5	0.08; 
0	0.03; 1	0.54; 7	0.04; 9	0.03; 
0	0.03; 1	0.10; 4	0.32; 6	0.22; 7	0.07; 8	0.04; 
0	0.69; 2	0.01; 4	0.13; 7	0.08; 8	0.09; 
3	0.07; 7	0.92; 
7	0.02; 
2	0.97; 4	0.02; 
1	0.10; 3	0.04; 6	0.04; 
0	0.04; 1	0.13; 2	0.09; 6	0.02; 7	0.71; 
1	0.04; 2	0.86; 5	0.05; 9	0.05; 
1	0.27; 4	0.44; 6	0.09; 7	0.20; 
0	0.08; 5	0.01; 7	0.90; 
5	0.99; 
2	0.82; 4	0.14; 
1	0.57; 2	0.10; 5	0.12; 9	0.06; 
4	0.50; 7	0.43; 9	0.07; 
2	0.08; 4	0.44; 9	0.18; 
7	1.00; 
4	0.12; 7	0.25; 8	0.63; 
1	0.18; 2	0.01; 4	0.38; 7	0.16; 9	0.20; 
2	0.98; 7	0.02; 
1	1.00; 
0	0.03; 1	0.19; 7	0.10; 

1	0.25; 2	0.08; 5	0.06; 9	0.61; 
0	0.14; 1	0.17; 2	0.23; 5	0.13; 8	0.04; 9	0.07; 
5	0.39; 
7	1.00; 
1	0.06; 2	0.36; 5	0.44; 9	0.14; 
2	0.08; 5	0.92; 
5	0.99; 
2	0.92; 5	0.04; 
0	0.02; 1	0.18; 8	0.06; 9	0.05; 
7	0.90; 
1	0.44; 3	0.17; 4	0.08; 7	0.31; 
1	0.68; 3	0.07; 6	0.06; 
1	0.65; 3	0.06; 7	0.10; 8	0.16; 
7	0.21; 9	0.26; 
2	1.00; 
5	0.95; 
2	0.10; 7	0.26; 
2	0.03; 7	0.15; 8	0.22; 
0	0.05; 1	0.64; 2	0.08; 3	0.02; 5	0.04; 7	0.14; 
0	0.04; 2	0.05; 4	0.17; 5	0.73; 7	0.02; 
1	0.30; 3	0.06; 7	0.64; 
7	1.00; 
4	0.93; 5	0.07; 
2	0.12; 4	0.28; 7	0.09; 
0	0.15; 1	0.49; 7	0.12; 
3	0.21; 6	0.17; 8	0.08; 9	0.27; 
1	0.27; 8	0.06; 
1	0.79; 7	0.13; 8	0.07; 
1	0.91; 4	0.06; 6	0.03; 
1	0.43; 2	0.54; 4	0.03; 
7	0.52; 8	0.25; 
1	0.34; 7	0.25; 8	0.40; 

2	0.15; 4	0.17; 6	0.10; 7	0.04; 8	0.10; 
2	0.65; 9	0.35; 
6	0.32; 8	0.48; 
2	0.49; 7	0.46; 
5	0.28; 9	0.72; 
1	0.15; 4	0.74; 7	0.02; 8	0.09; 
0	0.01; 1	0.21; 3	0.72; 4	0.05; 
3	0.07; 8	0.39; 9	0.50; 
3	0.06; 8	0.43; 9	0.43; 
1	0.15; 4	0.35; 
4	0.02; 8	0.04; 9	0.50; 
