4	0.02; 6	0.84; 8	0.14; 
2	0.88; 8	0.11; 
3	0.18; 4	0.02; 6	0.12; 8	0.68; 
1	0.11; 2	0.14; 5	0.75; 
6	1.00; 
0	0.12; 1	0.10; 6	0.46; 9	0.22; 
1	0.70; 6	0.09; 
1	0.85; 3	0.11; 9	0.04; 
6	0.93; 9	0.06; 
2	0.23; 6	0.21; 7	0.56; 
1	0.22; 4	0.12; 8	0.07; 
4	0.30; 8	0.69; 
0	0.03; 1	0.12; 3	0.02; 8	0.51; 
6	1.00; 
3	0.03; 4	0.19; 7	0.21; 8	0.56; 
1	0.21; 5	0.74; 8	0.04; 
2	0.05; 3	0.39; 6	0.13; 8	0.27; 
1	0.85; 6	0.14; 
2	0.03; 4	0.75; 6	0.12; 8	0.11; 
1	0.72; 3	0.09; 5	0.01; 6	0.02; 
8	1.00; 
9	1.00; 
3	0.47; 6	0.09; 8	0.24; 
1	0.47; 3	0.11; 6	0.34; 
0	0.43; 1	0.23; 3	0.17; 5	0.02; 6	0.02; 8	0.03; 
3	0.15; 8	0.37; 
1	0.30; 3	0.21; 6	0.07; 
5	0.68; 6	0.09; 8	0.21; 
3	0.09; 7	0.44; 
1	0.41; 3	0.20; 6	0.11; 8	0.11; 9	0.17; 
6	1.00; 
2	0.01; 3	0.14; 6	0.26; 8	0.02; 
1	0.61; 3	0.04; 8	0.35; 
3	0.09; 4	0.20; 6	0.02; 8	0.69; 
1	0.08; 3	0.06; 6	0.03; 8	0.73; 
3	0.26; 
2	0.05; 3	0.09; 5	0.08; 6	0.35; 8	0.18; 9	0.24; 
1	0.11; 3	0.41; 6	0.26; 8	0.13; 
1	0.45; 2	0.03; 3	0.16; 8	0.11; 
6	0.13; 8	0.87; 
2	0.06; 5	0.42; 6	0.08; 8	0.11; 9	0.13; 
1	0.28; 3	0.31; 
5	0.35; 9	0.64; 
1	0.24; 4	0.08; 6	0.30; 8	0.32; 
2	0.91; 6	0.09; 
1	0.39; 5	0.47; 7	0.08; 9	0.06; 
2	0.94; 5	0.05; 
6	0.08; 7	0.10; 8	0.82; 
5	0.05; 6	0.29; 9	0.39; 
1	0.51; 6	0.31; 
9	1.00; 
6	1.00; 
4	0.25; 8	0.75; 
1	0.22; 3	0.32; 5	0.20; 6	0.05; 9	0.18; 
0	0.31; 3	0.38; 7	0.07; 8	0.24; 
1	0.04; 2	0.14; 4	0.14; 5	0.10; 6	0.03; 7	0.51; 9	0.04; 
3	0.31; 6	0.05; 8	0.05; 
2	0.06; 4	0.52; 6	0.14; 8	0.03; 
1	0.18; 3	0.23; 6	0.44; 
0	0.03; 1	0.56; 3	0.27; 8	0.03; 
3	0.18; 8	0.43; 
7	0.05; 8	0.94; 
3	0.02; 6	0.09; 8	0.82; 
2	0.84; 5	0.16; 
0	0.90; 6	0.10; 
2	0.34; 7	0.50; 8	0.05; 
1	0.62; 2	0.05; 3	0.12; 6	0.08; 9	0.13; 
1	0.25; 3	0.60; 4	0.12; 
3	1.00; 
3	0.33; 4	0.16; 5	0.11; 6	0.09; 8	0.32; 
0	0.73; 3	0.14; 5	0.13; 
6	0.26; 9	0.64; 
3	0.12; 
6	0.60; 8	0.39; 
1	0.14; 5	0.86; 
6	0.07; 8	0.15; 
0	0.02; 2	0.25; 4	0.17; 6	0.04; 8	0.35; 
3	0.37; 
2	0.03; 6	0.16; 7	0.53; 8	0.03; 
6	0.04; 8	0.96; 
1	0.25; 3	0.14; 6	0.03; 8	0.33; 
